{
  "timestamp": "20260320_184702",
  "total_samples": 250,
  "samples_per_category": 37,
  "categories": [
    "ROUTING",
    "SECURITY",
    "QOS",
    "CONNECTIVITY",
    "MONITORING"
  ],
  "models_evaluated": [
    "Llama-3.1-8B-Instruct",
    "Mistral-7B-Instruct",
    "Llama-3.2-3B-Instruct",
    "Phi-3.5-mini-instruct",
    "Qwen2.5-3B-Instruct",
    "Qwen2.5-7B-Instruct",
    "Gemma-2-9B-it",
    "Qwen2.5-14B-Instruct",
    "Phi-4"
  ],
  "results": [
    {
      "model_name": "Llama-3.1-8B-Instruct",
      "params": "8B",
      "accuracy": 0.648,
      "precision": 0.7258008695351,
      "recall": 0.648,
      "f1_score": 0.6339491027277616,
      "macro_precision": 0.7105798229431535,
      "macro_recall": 0.6517536367536367,
      "macro_f1": 0.6276125001864007,
      "balanced_accuracy": 0.6517536367536367,
      "worst_class_recall": 0.2909090909090909,
      "robust_score": 0.5675141593011095,
      "unknown_count": 0,
      "unknown_rate": 0.0,
      "elapsed_time": 914.8884100914001,
      "samples_evaluated": 250,
      "avg_time_per_sample": 3.6595536403656004,
      "classification_report": "              precision    recall  f1-score   support\n\n     ROUTING       0.47      0.74      0.57        42\n    SECURITY       0.92      0.55      0.69        44\n         QOS       0.55      0.86      0.67        37\nCONNECTIVITY       0.72      0.82      0.77        72\n  MONITORING       0.89      0.29      0.44        55\n\n    accuracy                           0.65       250\n   macro avg       0.71      0.65      0.63       250\nweighted avg       0.73      0.65      0.63       250\n",
      "confusion_matrix": [
        [
          31,
          1,
          2,
          8,
          0
        ],
        [
          12,
          24,
          5,
          2,
          1
        ],
        [
          3,
          0,
          32,
          1,
          1
        ],
        [
          12,
          0,
          1,
          59,
          0
        ],
        [
          8,
          1,
          18,
          12,
          16
        ]
      ],
      "confusion_matrix_normalized": [
        [
          0.7380952380952381,
          0.023809523809523808,
          0.047619047619047616,
          0.19047619047619047,
          0.0
        ],
        [
          0.2727272727272727,
          0.5454545454545454,
          0.11363636363636363,
          0.045454545454545456,
          0.022727272727272728
        ],
        [
          0.08108108108108109,
          0.0,
          0.8648648648648649,
          0.02702702702702703,
          0.02702702702702703
        ],
        [
          0.16666666666666666,
          0.0,
          0.013888888888888888,
          0.8194444444444444,
          0.0
        ],
        [
          0.14545454545454545,
          0.01818181818181818,
          0.32727272727272727,
          0.21818181818181817,
          0.2909090909090909
        ]
      ],
      "per_class_precision": [
        0.4696969696969697,
        0.9230769230769231,
        0.5517241379310345,
        0.7195121951219512,
        0.8888888888888888
      ],
      "per_class_recall": [
        0.7380952380952381,
        0.5454545454545454,
        0.8648648648648649,
        0.8194444444444444,
        0.2909090909090909
      ],
      "per_class_f1": [
        0.5740740740740741,
        0.6857142857142856,
        0.6736842105263158,
        0.7662337662337662,
        0.4383561643835616
      ]
    },
    {
      "model_name": "Mistral-7B-Instruct",
      "params": "7B",
      "accuracy": 0.676,
      "precision": 0.7219692700758616,
      "recall": 0.676,
      "f1_score": 0.6690692242546835,
      "macro_precision": 0.7322880389921779,
      "macro_recall": 0.6583990483990484,
      "macro_f1": 0.6653716770289504,
      "balanced_accuracy": 0.6604075050586679,
      "worst_class_recall": 0.4418604651162791,
      "robust_score": 0.6201226433727915,
      "unknown_count": 1,
      "unknown_rate": 0.004,
      "elapsed_time": 55.59811568260193,
      "samples_evaluated": 250,
      "avg_time_per_sample": 0.22239246273040772,
      "classification_report": "              precision    recall  f1-score   support\n\n     ROUTING       0.58      0.71      0.64        42\n    SECURITY       0.95      0.43      0.59        44\n         QOS       0.75      0.73      0.74        37\nCONNECTIVITY       0.62      0.89      0.73        72\n  MONITORING       0.76      0.53      0.62        55\n\n   micro avg       0.68      0.68      0.68       250\n   macro avg       0.73      0.66      0.67       250\nweighted avg       0.72      0.68      0.67       250\n",
      "confusion_matrix": [
        [
          30,
          0,
          0,
          9,
          3
        ],
        [
          5,
          19,
          3,
          13,
          3
        ],
        [
          4,
          0,
          27,
          3,
          3
        ],
        [
          7,
          0,
          1,
          64,
          0
        ],
        [
          6,
          1,
          5,
          14,
          29
        ]
      ],
      "confusion_matrix_normalized": [
        [
          0.7142857142857143,
          0.0,
          0.0,
          0.21428571428571427,
          0.07142857142857142
        ],
        [
          0.11627906976744186,
          0.4418604651162791,
          0.06976744186046512,
          0.3023255813953488,
          0.06976744186046512
        ],
        [
          0.10810810810810811,
          0.0,
          0.7297297297297297,
          0.08108108108108109,
          0.08108108108108109
        ],
        [
          0.09722222222222222,
          0.0,
          0.013888888888888888,
          0.8888888888888888,
          0.0
        ],
        [
          0.10909090909090909,
          0.01818181818181818,
          0.09090909090909091,
          0.2545454545454545,
          0.5272727272727272
        ]
      ],
      "per_class_precision": [
        0.5769230769230769,
        0.95,
        0.75,
        0.6213592233009708,
        0.7631578947368421
      ],
      "per_class_recall": [
        0.7142857142857143,
        0.4418604651162791,
        0.7297297297297297,
        0.8888888888888888,
        0.5272727272727272
      ],
      "per_class_f1": [
        0.6382978723404256,
        0.6031746031746031,
        0.7397260273972601,
        0.7314285714285714,
        0.6236559139784946
      ]
    },
    {
      "model_name": "Phi-3.5-mini-instruct",
      "params": "mini",
      "accuracy": 0.616,
      "precision": 0.6719057067925518,
      "recall": 0.616,
      "f1_score": 0.5941402383910285,
      "macro_precision": 0.676224307819115,
      "macro_recall": 0.5872230022230023,
      "macro_f1": 0.5851170194566092,
      "balanced_accuracy": 0.5912770562770563,
      "worst_class_recall": 0.34545454545454546,
      "robust_score": 0.5397542678595078,
      "unknown_count": 1,
      "unknown_rate": 0.004,
      "elapsed_time": 40.132073640823364,
      "samples_evaluated": 250,
      "avg_time_per_sample": 0.16052829456329346,
      "classification_report": "              precision    recall  f1-score   support\n\n     ROUTING       0.71      0.36      0.48        42\n    SECURITY       0.77      0.55      0.64        44\n         QOS       0.54      0.73      0.62        37\nCONNECTIVITY       0.56      0.96      0.71        72\n  MONITORING       0.79      0.35      0.48        55\n\n   micro avg       0.62      0.62      0.62       250\n   macro avg       0.68      0.59      0.59       250\nweighted avg       0.67      0.62      0.59       250\n",
      "confusion_matrix": [
        [
          15,
          3,
          1,
          22,
          1
        ],
        [
          2,
          24,
          6,
          10,
          2
        ],
        [
          2,
          1,
          27,
          4,
          2
        ],
        [
          2,
          0,
          1,
          69,
          0
        ],
        [
          0,
          3,
          15,
          18,
          19
        ]
      ],
      "confusion_matrix_normalized": [
        [
          0.35714285714285715,
          0.07142857142857142,
          0.023809523809523808,
          0.5238095238095238,
          0.023809523809523808
        ],
        [
          0.045454545454545456,
          0.5454545454545454,
          0.13636363636363635,
          0.22727272727272727,
          0.045454545454545456
        ],
        [
          0.05555555555555555,
          0.027777777777777776,
          0.75,
          0.1111111111111111,
          0.05555555555555555
        ],
        [
          0.027777777777777776,
          0.0,
          0.013888888888888888,
          0.9583333333333334,
          0.0
        ],
        [
          0.0,
          0.05454545454545454,
          0.2727272727272727,
          0.32727272727272727,
          0.34545454545454546
        ]
      ],
      "per_class_precision": [
        0.7142857142857143,
        0.7741935483870968,
        0.54,
        0.5609756097560976,
        0.7916666666666666
      ],
      "per_class_recall": [
        0.35714285714285715,
        0.5454545454545454,
        0.75,
        0.9583333333333334,
        0.34545454545454546
      ],
      "per_class_f1": [
        0.4761904761904762,
        0.64,
        0.627906976744186,
        0.7076923076923077,
        0.4810126582278481
      ]
    },
    {
      "model_name": "Qwen2.5-3B-Instruct",
      "params": "3B",
      "accuracy": 0.564,
      "precision": 0.6958325727668605,
      "recall": 0.564,
      "f1_score": 0.5671534112089559,
      "macro_precision": 0.6662458929428929,
      "macro_recall": 0.560999960999961,
      "macro_f1": 0.548420661091828,
      "balanced_accuracy": 0.5627996480109156,
      "worst_class_recall": 0.35714285714285715,
      "robust_score": 0.5150273950658937,
      "unknown_count": 1,
      "unknown_rate": 0.004,
      "elapsed_time": 29.910206079483032,
      "samples_evaluated": 250,
      "avg_time_per_sample": 0.11964082431793213,
      "classification_report": "              precision    recall  f1-score   support\n\n     ROUTING       0.79      0.36      0.49        42\n    SECURITY       0.38      0.93      0.54        44\n         QOS       0.46      0.51      0.49        37\nCONNECTIVITY       0.79      0.64      0.71        72\n  MONITORING       0.91      0.36      0.52        55\n\n   micro avg       0.57      0.56      0.57       250\n   macro avg       0.67      0.56      0.55       250\nweighted avg       0.70      0.56      0.57       250\n",
      "confusion_matrix": [
        [
          15,
          18,
          4,
          4,
          1
        ],
        [
          0,
          41,
          3,
          0,
          0
        ],
        [
          1,
          16,
          19,
          0,
          1
        ],
        [
          2,
          19,
          4,
          46,
          0
        ],
        [
          1,
          15,
          11,
          8,
          20
        ]
      ],
      "confusion_matrix_normalized": [
        [
          0.35714285714285715,
          0.42857142857142855,
          0.09523809523809523,
          0.09523809523809523,
          0.023809523809523808
        ],
        [
          0.0,
          0.9318181818181818,
          0.06818181818181818,
          0.0,
          0.0
        ],
        [
          0.02702702702702703,
          0.43243243243243246,
          0.5135135135135135,
          0.0,
          0.02702702702702703
        ],
        [
          0.028169014084507043,
          0.2676056338028169,
          0.056338028169014086,
          0.647887323943662,
          0.0
        ],
        [
          0.01818181818181818,
          0.2727272727272727,
          0.2,
          0.14545454545454545,
          0.36363636363636365
        ]
      ],
      "per_class_precision": [
        0.7894736842105263,
        0.3761467889908257,
        0.4634146341463415,
        0.7931034482758621,
        0.9090909090909091
      ],
      "per_class_recall": [
        0.35714285714285715,
        0.9318181818181818,
        0.5135135135135135,
        0.647887323943662,
        0.36363636363636365
      ],
      "per_class_f1": [
        0.4918032786885246,
        0.5359477124183006,
        0.48717948717948717,
        0.7131782945736435,
        0.5194805194805195
      ]
    },
    {
      "model_name": "Qwen2.5-7B-Instruct",
      "params": "7B",
      "accuracy": 0.704,
      "precision": 0.7340163020163021,
      "recall": 0.704,
      "f1_score": 0.6809480527812828,
      "macro_precision": 0.7363792363792363,
      "macro_recall": 0.6798420498420498,
      "macro_f1": 0.6675664844926378,
      "balanced_accuracy": 0.6798420498420498,
      "worst_class_recall": 0.2619047619047619,
      "robust_score": 0.5901168095798862,
      "unknown_count": 0,
      "unknown_rate": 0.0,
      "elapsed_time": 39.235084772109985,
      "samples_evaluated": 250,
      "avg_time_per_sample": 0.15694033908843993,
      "classification_report": "              precision    recall  f1-score   support\n\n     ROUTING       0.79      0.26      0.39        42\n    SECURITY       0.63      0.91      0.75        44\n         QOS       0.73      0.73      0.73        37\nCONNECTIVITY       0.67      0.92      0.77        72\n  MONITORING       0.86      0.58      0.70        55\n\n    accuracy                           0.70       250\n   macro avg       0.74      0.68      0.67       250\nweighted avg       0.73      0.70      0.68       250\n",
      "confusion_matrix": [
        [
          11,
          11,
          1,
          18,
          1
        ],
        [
          1,
          40,
          2,
          1,
          0
        ],
        [
          1,
          4,
          27,
          1,
          4
        ],
        [
          1,
          4,
          1,
          66,
          0
        ],
        [
          0,
          4,
          6,
          13,
          32
        ]
      ],
      "confusion_matrix_normalized": [
        [
          0.2619047619047619,
          0.2619047619047619,
          0.023809523809523808,
          0.42857142857142855,
          0.023809523809523808
        ],
        [
          0.022727272727272728,
          0.9090909090909091,
          0.045454545454545456,
          0.022727272727272728,
          0.0
        ],
        [
          0.02702702702702703,
          0.10810810810810811,
          0.7297297297297297,
          0.02702702702702703,
          0.10810810810810811
        ],
        [
          0.013888888888888888,
          0.05555555555555555,
          0.013888888888888888,
          0.9166666666666666,
          0.0
        ],
        [
          0.0,
          0.07272727272727272,
          0.10909090909090909,
          0.23636363636363636,
          0.5818181818181818
        ]
      ],
      "per_class_precision": [
        0.7857142857142857,
        0.6349206349206349,
        0.7297297297297297,
        0.6666666666666666,
        0.8648648648648649
      ],
      "per_class_recall": [
        0.2619047619047619,
        0.9090909090909091,
        0.7297297297297297,
        0.9166666666666666,
        0.5818181818181818
      ],
      "per_class_f1": [
        0.39285714285714285,
        0.7476635514018691,
        0.7297297297297297,
        0.7719298245614035,
        0.6956521739130435
      ]
    },
    {
      "model_name": "Gemma-2-9B-it",
      "params": "9B",
      "accuracy": 0.772,
      "precision": 0.7918966624721488,
      "recall": 0.772,
      "f1_score": 0.7656020798181422,
      "macro_precision": 0.7939216433274457,
      "macro_recall": 0.7577506727506728,
      "macro_f1": 0.7603244620644608,
      "balanced_accuracy": 0.7577506727506728,
      "worst_class_recall": 0.5476190476190477,
      "robust_score": 0.7170112423812418,
      "unknown_count": 0,
      "unknown_rate": 0.0,
      "elapsed_time": 757.3404047489166,
      "samples_evaluated": 250,
      "avg_time_per_sample": 3.0293616189956665,
      "classification_report": "              precision    recall  f1-score   support\n\n     ROUTING       0.77      0.55      0.64        42\n    SECURITY       0.89      0.77      0.83        44\n         QOS       0.70      0.89      0.79        37\nCONNECTIVITY       0.71      0.96      0.82        72\n  MONITORING       0.89      0.62      0.73        55\n\n    accuracy                           0.77       250\n   macro avg       0.79      0.76      0.76       250\nweighted avg       0.79      0.77      0.77       250\n",
      "confusion_matrix": [
        [
          23,
          2,
          1,
          14,
          2
        ],
        [
          4,
          34,
          3,
          3,
          0
        ],
        [
          1,
          1,
          33,
          0,
          2
        ],
        [
          1,
          0,
          2,
          69,
          0
        ],
        [
          1,
          1,
          8,
          11,
          34
        ]
      ],
      "confusion_matrix_normalized": [
        [
          0.5476190476190477,
          0.047619047619047616,
          0.023809523809523808,
          0.3333333333333333,
          0.047619047619047616
        ],
        [
          0.09090909090909091,
          0.7727272727272727,
          0.06818181818181818,
          0.06818181818181818,
          0.0
        ],
        [
          0.02702702702702703,
          0.02702702702702703,
          0.8918918918918919,
          0.0,
          0.05405405405405406
        ],
        [
          0.013888888888888888,
          0.0,
          0.027777777777777776,
          0.9583333333333334,
          0.0
        ],
        [
          0.01818181818181818,
          0.01818181818181818,
          0.14545454545454545,
          0.2,
          0.6181818181818182
        ]
      ],
      "per_class_precision": [
        0.7666666666666667,
        0.8947368421052632,
        0.7021276595744681,
        0.711340206185567,
        0.8947368421052632
      ],
      "per_class_recall": [
        0.5476190476190477,
        0.7727272727272727,
        0.8918918918918919,
        0.9583333333333334,
        0.6181818181818182
      ],
      "per_class_f1": [
        0.6388888888888888,
        0.8292682926829269,
        0.7857142857142857,
        0.8165680473372781,
        0.7311827956989247
      ]
    },
    {
      "model_name": "Qwen2.5-14B-Instruct",
      "params": "14B",
      "accuracy": 0.752,
      "precision": 0.7841034212233216,
      "recall": 0.752,
      "f1_score": 0.733404566270389,
      "macro_precision": 0.7919868079221105,
      "macro_recall": 0.7242342342342342,
      "macro_f1": 0.7209205153209032,
      "balanced_accuracy": 0.7242342342342342,
      "worst_class_recall": 0.3333333333333333,
      "robust_score": 0.6443971945973885,
      "unknown_count": 0,
      "unknown_rate": 0.0,
      "elapsed_time": 2015.9904935359955,
      "samples_evaluated": 250,
      "avg_time_per_sample": 8.063961974143982,
      "classification_report": "              precision    recall  f1-score   support\n\n     ROUTING       0.93      0.33      0.49        42\n    SECURITY       0.85      0.80      0.82        44\n         QOS       0.67      0.84      0.75        37\nCONNECTIVITY       0.70      1.00      0.82        72\n  MONITORING       0.80      0.65      0.72        55\n\n    accuracy                           0.75       250\n   macro avg       0.79      0.72      0.72       250\nweighted avg       0.78      0.75      0.73       250\n",
      "confusion_matrix": [
        [
          14,
          4,
          1,
          19,
          4
        ],
        [
          0,
          35,
          4,
          4,
          1
        ],
        [
          1,
          1,
          31,
          0,
          4
        ],
        [
          0,
          0,
          0,
          72,
          0
        ],
        [
          0,
          1,
          10,
          8,
          36
        ]
      ],
      "confusion_matrix_normalized": [
        [
          0.3333333333333333,
          0.09523809523809523,
          0.023809523809523808,
          0.4523809523809524,
          0.09523809523809523
        ],
        [
          0.0,
          0.7954545454545454,
          0.09090909090909091,
          0.09090909090909091,
          0.022727272727272728
        ],
        [
          0.02702702702702703,
          0.02702702702702703,
          0.8378378378378378,
          0.0,
          0.10810810810810811
        ],
        [
          0.0,
          0.0,
          0.0,
          1.0,
          0.0
        ],
        [
          0.0,
          0.01818181818181818,
          0.18181818181818182,
          0.14545454545454545,
          0.6545454545454545
        ]
      ],
      "per_class_precision": [
        0.9333333333333333,
        0.8536585365853658,
        0.6739130434782609,
        0.6990291262135923,
        0.8
      ],
      "per_class_recall": [
        0.3333333333333333,
        0.7954545454545454,
        0.8378378378378378,
        1.0,
        0.6545454545454545
      ],
      "per_class_f1": [
        0.4912280701754386,
        0.8235294117647058,
        0.746987951807229,
        0.8228571428571428,
        0.7200000000000001
      ]
    },
    {
      "model_name": "Phi-4",
      "params": "N/A",
      "accuracy": 0.744,
      "precision": 0.7575749552657457,
      "recall": 0.744,
      "f1_score": 0.7350950913136183,
      "macro_precision": 0.755545699283226,
      "macro_recall": 0.7332629382629382,
      "macro_f1": 0.7274845773953496,
      "balanced_accuracy": 0.7332629382629382,
      "worst_class_recall": 0.47619047619047616,
      "robust_score": 0.6789592654146515,
      "unknown_count": 0,
      "unknown_rate": 0.0,
      "elapsed_time": 1584.978805065155,
      "samples_evaluated": 250,
      "avg_time_per_sample": 6.33991522026062,
      "classification_report": "              precision    recall  f1-score   support\n\n     ROUTING       0.80      0.48      0.60        42\n    SECURITY       0.80      0.80      0.80        44\n         QOS       0.65      0.89      0.75        37\nCONNECTIVITY       0.73      0.90      0.81        72\n  MONITORING       0.80      0.60      0.69        55\n\n    accuracy                           0.74       250\n   macro avg       0.76      0.73      0.73       250\nweighted avg       0.76      0.74      0.74       250\n",
      "confusion_matrix": [
        [
          20,
          3,
          1,
          14,
          4
        ],
        [
          3,
          35,
          4,
          2,
          0
        ],
        [
          0,
          1,
          33,
          1,
          2
        ],
        [
          2,
          2,
          1,
          65,
          2
        ],
        [
          0,
          3,
          12,
          7,
          33
        ]
      ],
      "confusion_matrix_normalized": [
        [
          0.47619047619047616,
          0.07142857142857142,
          0.023809523809523808,
          0.3333333333333333,
          0.09523809523809523
        ],
        [
          0.06818181818181818,
          0.7954545454545454,
          0.09090909090909091,
          0.045454545454545456,
          0.0
        ],
        [
          0.0,
          0.02702702702702703,
          0.8918918918918919,
          0.02702702702702703,
          0.05405405405405406
        ],
        [
          0.027777777777777776,
          0.027777777777777776,
          0.013888888888888888,
          0.9027777777777778,
          0.027777777777777776
        ],
        [
          0.0,
          0.05454545454545454,
          0.21818181818181817,
          0.12727272727272726,
          0.6
        ]
      ],
      "per_class_precision": [
        0.8,
        0.7954545454545454,
        0.6470588235294118,
        0.7303370786516854,
        0.8048780487804879
      ],
      "per_class_recall": [
        0.47619047619047616,
        0.7954545454545454,
        0.8918918918918919,
        0.9027777777777778,
        0.6
      ],
      "per_class_f1": [
        0.5970149253731344,
        0.7954545454545455,
        0.7499999999999999,
        0.8074534161490682,
        0.6875
      ]
    }
  ]
}