{
  "timestamp": "20260320_122658",
  "total_samples": 293,
  "samples_per_category": 35,
  "categories": [
    "ROUTING",
    "SECURITY",
    "QOS",
    "CONNECTIVITY",
    "MONITORING",
    "GENERAL"
  ],
  "models_evaluated": [
    "Qwen2-7B-Instruct",
    "Llama-3.1-8B-Instruct",
    "Gemma-7B-Instruct",
    "Yi-6B-Chat",
    "Mistral-7B-Instruct"
  ],
  "results": [
    {
      "model_name": "Qwen2-7B-Instruct",
      "params": "7B",
      "accuracy": 0.6109215017064846,
      "precision": 0.6838024674415459,
      "recall": 0.6109215017064846,
      "f1_score": 0.5712376218007286,
      "macro_precision": 0.6966807498057498,
      "macro_recall": 0.5774468273475647,
      "macro_f1": 0.5525454659864134,
      "balanced_accuracy": 0.5795334209834542,
      "worst_class_recall": 0.09523809523809523,
      "robust_score": 0.4695041797646358,
      "unknown_count": 1,
      "unknown_rate": 0.0034129692832764505,
      "elapsed_time": 35.30722451210022,
      "samples_evaluated": 293,
      "avg_time_per_sample": 0.12050247273754341,
      "classification_report": "              precision    recall  f1-score   support\n\n     ROUTING       0.73      0.39      0.51        41\n    SECURITY       0.54      0.91      0.68        43\n         QOS       0.66      0.60      0.63        35\nCONNECTIVITY       0.58      0.89      0.70        72\n  MONITORING       0.67      0.58      0.62        60\n     GENERAL       1.00      0.10      0.17        42\n\n   micro avg       0.61      0.61      0.61       293\n   macro avg       0.70      0.58      0.55       293\nweighted avg       0.68      0.61      0.57       293\n",
      "confusion_matrix": [
        [
          16,
          9,
          0,
          14,
          2,
          0
        ],
        [
          1,
          39,
          1,
          2,
          0,
          0
        ],
        [
          1,
          3,
          21,
          4,
          6,
          0
        ],
        [
          2,
          4,
          0,
          64,
          1,
          0
        ],
        [
          0,
          6,
          10,
          9,
          35,
          0
        ],
        [
          2,
          11,
          0,
          17,
          8,
          4
        ]
      ],
      "confusion_matrix_normalized": [
        [
          0.3902439024390244,
          0.21951219512195122,
          0.0,
          0.34146341463414637,
          0.04878048780487805,
          0.0
        ],
        [
          0.023255813953488372,
          0.9069767441860465,
          0.023255813953488372,
          0.046511627906976744,
          0.0,
          0.0
        ],
        [
          0.02857142857142857,
          0.08571428571428572,
          0.6,
          0.11428571428571428,
          0.17142857142857143,
          0.0
        ],
        [
          0.028169014084507043,
          0.056338028169014086,
          0.0,
          0.9014084507042254,
          0.014084507042253521,
          0.0
        ],
        [
          0.0,
          0.1,
          0.16666666666666666,
          0.15,
          0.5833333333333334,
          0.0
        ],
        [
          0.047619047619047616,
          0.2619047619047619,
          0.0,
          0.40476190476190477,
          0.19047619047619047,
          0.09523809523809523
        ]
      ],
      "per_class_precision": [
        0.7272727272727273,
        0.5416666666666666,
        0.65625,
        0.5818181818181818,
        0.6730769230769231,
        1.0
      ],
      "per_class_recall": [
        0.3902439024390244,
        0.9069767441860465,
        0.6,
        0.9014084507042254,
        0.5833333333333334,
        0.09523809523809523
      ],
      "per_class_f1": [
        0.5079365079365079,
        0.6782608695652174,
        0.626865671641791,
        0.7071823204419889,
        0.6250000000000001,
        0.17391304347826084
      ]
    },
    {
      "model_name": "Llama-3.1-8B-Instruct",
      "params": "8B",
      "accuracy": 0.5597269624573379,
      "precision": 0.7316924827163735,
      "recall": 0.5597269624573379,
      "f1_score": 0.5260596619092092,
      "macro_precision": 0.7264957264957266,
      "macro_recall": 0.5436201820489966,
      "macro_f1": 0.5108919717023462,
      "balanced_accuracy": 0.5484131373445139,
      "worst_class_recall": 0.10810810810810811,
      "robust_score": 0.44467073105956123,
      "unknown_count": 7,
      "unknown_rate": 0.023890784982935155,
      "elapsed_time": 197.15384459495544,
      "samples_evaluated": 293,
      "avg_time_per_sample": 0.6728800156824418,
      "classification_report": "              precision    recall  f1-score   support\n\n     ROUTING       0.43      0.63      0.51        41\n    SECURITY       0.95      0.44      0.60        43\n         QOS       0.46      0.86      0.60        35\nCONNECTIVITY       0.56      0.92      0.70        72\n  MONITORING       0.95      0.32      0.47        60\n     GENERAL       1.00      0.10      0.17        42\n\n   micro avg       0.57      0.56      0.57       293\n   macro avg       0.73      0.54      0.51       293\nweighted avg       0.73      0.56      0.53       293\n",
      "confusion_matrix": [
        [
          26,
          0,
          3,
          11,
          1,
          0
        ],
        [
          15,
          19,
          5,
          3,
          0,
          0
        ],
        [
          4,
          0,
          30,
          1,
          0,
          0
        ],
        [
          5,
          0,
          1,
          66,
          0,
          0
        ],
        [
          5,
          1,
          21,
          13,
          19,
          0
        ],
        [
          5,
          0,
          5,
          23,
          0,
          4
        ]
      ],
      "confusion_matrix_normalized": [
        [
          0.6341463414634146,
          0.0,
          0.07317073170731707,
          0.2682926829268293,
          0.024390243902439025,
          0.0
        ],
        [
          0.35714285714285715,
          0.4523809523809524,
          0.11904761904761904,
          0.07142857142857142,
          0.0,
          0.0
        ],
        [
          0.11428571428571428,
          0.0,
          0.8571428571428571,
          0.02857142857142857,
          0.0,
          0.0
        ],
        [
          0.06944444444444445,
          0.0,
          0.013888888888888888,
          0.9166666666666666,
          0.0,
          0.0
        ],
        [
          0.0847457627118644,
          0.01694915254237288,
          0.3559322033898305,
          0.22033898305084745,
          0.3220338983050847,
          0.0
        ],
        [
          0.13513513513513514,
          0.0,
          0.13513513513513514,
          0.6216216216216216,
          0.0,
          0.10810810810810811
        ]
      ],
      "per_class_precision": [
        0.43333333333333335,
        0.95,
        0.46153846153846156,
        0.5641025641025641,
        0.95,
        1.0
      ],
      "per_class_recall": [
        0.6341463414634146,
        0.4523809523809524,
        0.8571428571428571,
        0.9166666666666666,
        0.3220338983050847,
        0.10810810810810811
      ],
      "per_class_f1": [
        0.514851485148515,
        0.6129032258064516,
        0.6,
        0.6984126984126983,
        0.48101265822784806,
        0.1951219512195122
      ]
    },
    {
      "model_name": "Gemma-7B-Instruct",
      "params": "7B",
      "accuracy": 0.46075085324232085,
      "precision": 0.6733202330471956,
      "recall": 0.46075085324232085,
      "f1_score": 0.4590342858039251,
      "macro_precision": 0.6570583887657059,
      "macro_recall": 0.4545627792933522,
      "macro_f1": 0.4612923880224677,
      "balanced_accuracy": 0.5582174876852802,
      "worst_class_recall": 0.08888888888888889,
      "robust_score": 0.44585233240734545,
      "unknown_count": 59,
      "unknown_rate": 0.20136518771331058,
      "elapsed_time": 601.3870131969452,
      "samples_evaluated": 293,
      "avg_time_per_sample": 2.0525154034025435,
      "classification_report": "              precision    recall  f1-score   support\n\n     ROUTING       0.49      0.49      0.49        41\n    SECURITY       0.72      0.60      0.66        43\n         QOS       0.50      0.60      0.55        35\nCONNECTIVITY       0.57      0.78      0.65        72\n  MONITORING       1.00      0.07      0.12        60\n     GENERAL       0.67      0.19      0.30        42\n\n   micro avg       0.58      0.46      0.51       293\n   macro avg       0.66      0.45      0.46       293\nweighted avg       0.67      0.46      0.46       293\n",
      "confusion_matrix": [
        [
          20,
          1,
          3,
          8,
          0,
          0
        ],
        [
          5,
          26,
          3,
          2,
          0,
          2
        ],
        [
          2,
          1,
          21,
          2,
          0,
          0
        ],
        [
          8,
          1,
          2,
          56,
          0,
          0
        ],
        [
          3,
          3,
          12,
          21,
          4,
          2
        ],
        [
          3,
          4,
          1,
          10,
          0,
          8
        ]
      ],
      "confusion_matrix_normalized": [
        [
          0.625,
          0.03125,
          0.09375,
          0.25,
          0.0,
          0.0
        ],
        [
          0.13157894736842105,
          0.6842105263157895,
          0.07894736842105263,
          0.05263157894736842,
          0.0,
          0.05263157894736842
        ],
        [
          0.07692307692307693,
          0.038461538461538464,
          0.8076923076923077,
          0.07692307692307693,
          0.0,
          0.0
        ],
        [
          0.11940298507462686,
          0.014925373134328358,
          0.029850746268656716,
          0.835820895522388,
          0.0,
          0.0
        ],
        [
          0.06666666666666667,
          0.06666666666666667,
          0.26666666666666666,
          0.4666666666666667,
          0.08888888888888889,
          0.044444444444444446
        ],
        [
          0.11538461538461539,
          0.15384615384615385,
          0.038461538461538464,
          0.38461538461538464,
          0.0,
          0.3076923076923077
        ]
      ],
      "per_class_precision": [
        0.4878048780487805,
        0.7222222222222222,
        0.5,
        0.5656565656565656,
        1.0,
        0.6666666666666666
      ],
      "per_class_recall": [
        0.625,
        0.6842105263157895,
        0.8076923076923077,
        0.835820895522388,
        0.08888888888888889,
        0.3076923076923077
      ],
      "per_class_f1": [
        0.547945205479452,
        0.7027027027027027,
        0.6176470588235294,
        0.674698795180723,
        0.163265306122449,
        0.42105263157894735
      ]
    },
    {
      "model_name": "Yi-6B-Chat",
      "params": "6B",
      "accuracy": 0.25597269624573377,
      "precision": 0.5529720242193679,
      "recall": 0.25597269624573377,
      "f1_score": 0.1591799062576585,
      "macro_precision": 0.504238947635174,
      "macro_recall": 0.2878593862073726,
      "macro_f1": 0.16421792691676554,
      "balanced_accuracy": 0.2878593862073726,
      "worst_class_recall": 0.0,
      "robust_score": 0.16846677932059456,
      "unknown_count": 0,
      "unknown_rate": 0.0,
      "elapsed_time": 52.533833742141724,
      "samples_evaluated": 293,
      "avg_time_per_sample": 0.17929636089468165,
      "classification_report": "              precision    recall  f1-score   support\n\n     ROUTING       0.20      0.78      0.32        41\n    SECURITY       1.00      0.02      0.05        43\n         QOS       0.00      0.00      0.00        35\nCONNECTIVITY       0.54      0.10      0.16        72\n  MONITORING       1.00      0.02      0.03        60\n     GENERAL       0.29      0.81      0.42        42\n\n    accuracy                           0.26       293\n   macro avg       0.50      0.29      0.16       293\nweighted avg       0.55      0.26      0.16       293\n",
      "confusion_matrix": [
        [
          32,
          0,
          0,
          1,
          0,
          8
        ],
        [
          27,
          1,
          0,
          2,
          0,
          13
        ],
        [
          25,
          0,
          0,
          2,
          0,
          8
        ],
        [
          48,
          0,
          0,
          7,
          0,
          17
        ],
        [
          20,
          0,
          0,
          0,
          1,
          39
        ],
        [
          7,
          0,
          0,
          1,
          0,
          34
        ]
      ],
      "confusion_matrix_normalized": [
        [
          0.7804878048780488,
          0.0,
          0.0,
          0.024390243902439025,
          0.0,
          0.1951219512195122
        ],
        [
          0.627906976744186,
          0.023255813953488372,
          0.0,
          0.046511627906976744,
          0.0,
          0.3023255813953488
        ],
        [
          0.7142857142857143,
          0.0,
          0.0,
          0.05714285714285714,
          0.0,
          0.22857142857142856
        ],
        [
          0.6666666666666666,
          0.0,
          0.0,
          0.09722222222222222,
          0.0,
          0.2361111111111111
        ],
        [
          0.3333333333333333,
          0.0,
          0.0,
          0.0,
          0.016666666666666666,
          0.65
        ],
        [
          0.16666666666666666,
          0.0,
          0.0,
          0.023809523809523808,
          0.0,
          0.8095238095238095
        ]
      ],
      "per_class_precision": [
        0.20125786163522014,
        1.0,
        0.0,
        0.5384615384615384,
        1.0,
        0.2857142857142857
      ],
      "per_class_recall": [
        0.7804878048780488,
        0.023255813953488372,
        0.0,
        0.09722222222222222,
        0.016666666666666666,
        0.8095238095238095
      ],
      "per_class_f1": [
        0.32000000000000006,
        0.04545454545454545,
        0.0,
        0.1647058823529412,
        0.03278688524590164,
        0.4223602484472049
      ]
    },
    {
      "model_name": "Mistral-7B-Instruct",
      "params": "7B",
      "accuracy": 0.4880546075085324,
      "precision": 0.5843901562780672,
      "recall": 0.4880546075085324,
      "f1_score": 0.4507240874204847,
      "macro_precision": 0.575438596491228,
      "macro_recall": 0.5124086153652235,
      "macro_f1": 0.4560315991953365,
      "balanced_accuracy": 0.5164702400150835,
      "worst_class_recall": 0.07142857142857142,
      "robust_score": 0.39781990711740267,
      "unknown_count": 1,
      "unknown_rate": 0.0034129692832764505,
      "elapsed_time": 48.28299283981323,
      "samples_evaluated": 293,
      "avg_time_per_sample": 0.16478837146693937,
      "classification_report": "              precision    recall  f1-score   support\n\n     ROUTING       0.33      0.80      0.47        41\n    SECURITY       0.71      0.63      0.67        43\n         QOS       0.51      0.83      0.63        35\nCONNECTIVITY       0.50      0.54      0.52        72\n  MONITORING       0.80      0.20      0.32        60\n     GENERAL       0.60      0.07      0.13        42\n\n   micro avg       0.49      0.49      0.49       293\n   macro avg       0.58      0.51      0.46       293\nweighted avg       0.58      0.49      0.45       293\n",
      "confusion_matrix": [
        [
          33,
          1,
          1,
          4,
          2,
          0
        ],
        [
          8,
          27,
          4,
          3,
          0,
          1
        ],
        [
          5,
          0,
          29,
          0,
          0,
          0
        ],
        [
          29,
          3,
          1,
          39,
          0,
          0
        ],
        [
          19,
          3,
          17,
          8,
          12,
          1
        ],
        [
          5,
          4,
          5,
          24,
          1,
          3
        ]
      ],
      "confusion_matrix_normalized": [
        [
          0.8048780487804879,
          0.024390243902439025,
          0.024390243902439025,
          0.0975609756097561,
          0.04878048780487805,
          0.0
        ],
        [
          0.18604651162790697,
          0.627906976744186,
          0.09302325581395349,
          0.06976744186046512,
          0.0,
          0.023255813953488372
        ],
        [
          0.14705882352941177,
          0.0,
          0.8529411764705882,
          0.0,
          0.0,
          0.0
        ],
        [
          0.4027777777777778,
          0.041666666666666664,
          0.013888888888888888,
          0.5416666666666666,
          0.0,
          0.0
        ],
        [
          0.31666666666666665,
          0.05,
          0.2833333333333333,
          0.13333333333333333,
          0.2,
          0.016666666666666666
        ],
        [
          0.11904761904761904,
          0.09523809523809523,
          0.11904761904761904,
          0.5714285714285714,
          0.023809523809523808,
          0.07142857142857142
        ]
      ],
      "per_class_precision": [
        0.3333333333333333,
        0.7105263157894737,
        0.5087719298245614,
        0.5,
        0.8,
        0.6
      ],
      "per_class_recall": [
        0.8048780487804879,
        0.627906976744186,
        0.8529411764705882,
        0.5416666666666666,
        0.2,
        0.07142857142857142
      ],
      "per_class_f1": [
        0.4714285714285715,
        0.6666666666666666,
        0.6373626373626374,
        0.52,
        0.32000000000000006,
        0.1276595744680851
      ]
    }
  ]
}