{
  "timestamp": "20260320_130453",
  "total_samples": 293,
  "samples_per_category": 35,
  "categories": [
    "ROUTING",
    "SECURITY",
    "QOS",
    "CONNECTIVITY",
    "MONITORING",
    "GENERAL"
  ],
  "models_evaluated": [
    "Qwen2-7B-Instruct",
    "Llama-3.1-8B",
    "Gemma-7B-Instruct",
    "Yi-6B-Chat",
    "Mistral-7B-Instruct"
  ],
  "results": [
    {
      "model_name": "Qwen2-7B-Instruct",
      "params": "7B",
      "accuracy": 0.5870307167235495,
      "precision": 0.7086422447416257,
      "recall": 0.5870307167235495,
      "f1_score": 0.5541992328999386,
      "macro_precision": 0.7011969982308965,
      "macro_recall": 0.5824422956300438,
      "macro_f1": 0.5395670955686438,
      "balanced_accuracy": 0.5824422956300438,
      "worst_class_recall": 0.11904761904761904,
      "robust_score": 0.4683257602828589,
      "unknown_count": 0,
      "unknown_rate": 0.0,
      "elapsed_time": 38.187079429626465,
      "samples_evaluated": 293,
      "avg_time_per_sample": 0.13033132911135312,
      "classification_report": "              precision    recall  f1-score   support\n\n     ROUTING       0.75      0.44      0.55        41\n    SECURITY       0.45      0.93      0.61        43\n         QOS       0.49      0.83      0.62        35\nCONNECTIVITY       0.62      0.78      0.69        72\n  MONITORING       0.89      0.40      0.55        60\n     GENERAL       1.00      0.12      0.21        42\n\n    accuracy                           0.59       293\n   macro avg       0.70      0.58      0.54       293\nweighted avg       0.71      0.59      0.55       293\n",
      "confusion_matrix": [
        [
          18,
          8,
          3,
          11,
          1,
          0
        ],
        [
          1,
          40,
          2,
          0,
          0,
          0
        ],
        [
          1,
          4,
          29,
          1,
          0,
          0
        ],
        [
          2,
          11,
          2,
          56,
          1,
          0
        ],
        [
          1,
          9,
          19,
          7,
          24,
          0
        ],
        [
          1,
          16,
          4,
          15,
          1,
          5
        ]
      ],
      "confusion_matrix_normalized": [
        [
          0.43902439024390244,
          0.1951219512195122,
          0.07317073170731707,
          0.2682926829268293,
          0.024390243902439025,
          0.0
        ],
        [
          0.023255813953488372,
          0.9302325581395349,
          0.046511627906976744,
          0.0,
          0.0,
          0.0
        ],
        [
          0.02857142857142857,
          0.11428571428571428,
          0.8285714285714286,
          0.02857142857142857,
          0.0,
          0.0
        ],
        [
          0.027777777777777776,
          0.1527777777777778,
          0.027777777777777776,
          0.7777777777777778,
          0.013888888888888888,
          0.0
        ],
        [
          0.016666666666666666,
          0.15,
          0.31666666666666665,
          0.11666666666666667,
          0.4,
          0.0
        ],
        [
          0.023809523809523808,
          0.38095238095238093,
          0.09523809523809523,
          0.35714285714285715,
          0.023809523809523808,
          0.11904761904761904
        ]
      ],
      "per_class_precision": [
        0.75,
        0.45454545454545453,
        0.4915254237288136,
        0.6222222222222222,
        0.8888888888888888,
        1.0
      ],
      "per_class_recall": [
        0.43902439024390244,
        0.9302325581395349,
        0.8285714285714286,
        0.7777777777777778,
        0.4,
        0.11904761904761904
      ],
      "per_class_f1": [
        0.5538461538461539,
        0.6106870229007634,
        0.6170212765957447,
        0.6913580246913581,
        0.5517241379310346,
        0.21276595744680848
      ]
    },
    {
      "model_name": "Llama-3.1-8B",
      "params": "8B",
      "accuracy": 0.5733788395904437,
      "precision": 0.7178207677992188,
      "recall": 0.5733788395904437,
      "f1_score": 0.5326006308043542,
      "macro_precision": 0.7105113590279023,
      "macro_recall": 0.5733971300122745,
      "macro_f1": 0.523250189834975,
      "balanced_accuracy": 0.5733971300122745,
      "worst_class_recall": 0.07142857142857142,
      "robust_score": 0.4479299482068841,
      "unknown_count": 0,
      "unknown_rate": 0.0,
      "elapsed_time": 86.48651719093323,
      "samples_evaluated": 293,
      "avg_time_per_sample": 0.2951758265902158,
      "classification_report": "              precision    recall  f1-score   support\n\n     ROUTING       0.41      0.71      0.52        41\n    SECURITY       0.84      0.63      0.72        43\n         QOS       0.48      0.91      0.63        35\nCONNECTIVITY       0.57      0.82      0.67        72\n  MONITORING       0.95      0.30      0.46        60\n     GENERAL       1.00      0.07      0.13        42\n\n    accuracy                           0.57       293\n   macro avg       0.71      0.57      0.52       293\nweighted avg       0.72      0.57      0.53       293\n",
      "confusion_matrix": [
        [
          29,
          2,
          1,
          8,
          1,
          0
        ],
        [
          9,
          27,
          5,
          2,
          0,
          0
        ],
        [
          2,
          0,
          32,
          1,
          0,
          0
        ],
        [
          11,
          0,
          2,
          59,
          0,
          0
        ],
        [
          7,
          2,
          21,
          12,
          18,
          0
        ],
        [
          12,
          1,
          5,
          21,
          0,
          3
        ]
      ],
      "confusion_matrix_normalized": [
        [
          0.7073170731707317,
          0.04878048780487805,
          0.024390243902439025,
          0.1951219512195122,
          0.024390243902439025,
          0.0
        ],
        [
          0.20930232558139536,
          0.627906976744186,
          0.11627906976744186,
          0.046511627906976744,
          0.0,
          0.0
        ],
        [
          0.05714285714285714,
          0.0,
          0.9142857142857143,
          0.02857142857142857,
          0.0,
          0.0
        ],
        [
          0.1527777777777778,
          0.0,
          0.027777777777777776,
          0.8194444444444444,
          0.0,
          0.0
        ],
        [
          0.11666666666666667,
          0.03333333333333333,
          0.35,
          0.2,
          0.3,
          0.0
        ],
        [
          0.2857142857142857,
          0.023809523809523808,
          0.11904761904761904,
          0.5,
          0.0,
          0.07142857142857142
        ]
      ],
      "per_class_precision": [
        0.4142857142857143,
        0.84375,
        0.48484848484848486,
        0.5728155339805825,
        0.9473684210526315,
        1.0
      ],
      "per_class_recall": [
        0.7073170731707317,
        0.627906976744186,
        0.9142857142857143,
        0.8194444444444444,
        0.3,
        0.07142857142857142
      ],
      "per_class_f1": [
        0.5225225225225225,
        0.72,
        0.6336633663366337,
        0.6742857142857143,
        0.4556962025316456,
        0.13333333333333333
      ]
    },
    {
      "model_name": "Gemma-7B-Instruct",
      "params": "7B",
      "accuracy": 0.5324232081911263,
      "precision": 0.6248457011009693,
      "recall": 0.5324232081911263,
      "f1_score": 0.4793485484615603,
      "macro_precision": 0.6247922889889271,
      "macro_recall": 0.5236605923645061,
      "macro_f1": 0.4849217565218102,
      "balanced_accuracy": 0.5373651648589861,
      "worst_class_recall": 0.0975609756097561,
      "robust_score": 0.426178903241607,
      "unknown_count": 8,
      "unknown_rate": 0.027303754266211604,
      "elapsed_time": 570.7397150993347,
      "samples_evaluated": 293,
      "avg_time_per_sample": 1.947917116379982,
      "classification_report": "              precision    recall  f1-score   support\n\n     ROUTING       0.57      0.61      0.59        41\n    SECURITY       0.52      0.81      0.64        43\n         QOS       0.71      0.63      0.67        35\nCONNECTIVITY       0.49      0.86      0.62        72\n  MONITORING       0.89      0.13      0.23        60\n     GENERAL       0.57      0.10      0.16        42\n\n   micro avg       0.55      0.53      0.54       293\n   macro avg       0.62      0.52      0.48       293\nweighted avg       0.62      0.53      0.48       293\n",
      "confusion_matrix": [
        [
          25,
          3,
          0,
          12,
          1,
          0
        ],
        [
          3,
          35,
          1,
          2,
          0,
          1
        ],
        [
          1,
          7,
          22,
          4,
          0,
          0
        ],
        [
          5,
          2,
          0,
          62,
          0,
          0
        ],
        [
          6,
          7,
          7,
          28,
          8,
          2
        ],
        [
          4,
          13,
          1,
          19,
          0,
          4
        ]
      ],
      "confusion_matrix_normalized": [
        [
          0.6097560975609756,
          0.07317073170731707,
          0.0,
          0.2926829268292683,
          0.024390243902439025,
          0.0
        ],
        [
          0.07142857142857142,
          0.8333333333333334,
          0.023809523809523808,
          0.047619047619047616,
          0.0,
          0.023809523809523808
        ],
        [
          0.029411764705882353,
          0.20588235294117646,
          0.6470588235294118,
          0.11764705882352941,
          0.0,
          0.0
        ],
        [
          0.07246376811594203,
          0.028985507246376812,
          0.0,
          0.8985507246376812,
          0.0,
          0.0
        ],
        [
          0.10344827586206896,
          0.1206896551724138,
          0.1206896551724138,
          0.4827586206896552,
          0.13793103448275862,
          0.034482758620689655
        ],
        [
          0.0975609756097561,
          0.3170731707317073,
          0.024390243902439025,
          0.4634146341463415,
          0.0,
          0.0975609756097561
        ]
      ],
      "per_class_precision": [
        0.5681818181818182,
        0.5223880597014925,
        0.7096774193548387,
        0.4881889763779528,
        0.8888888888888888,
        0.5714285714285714
      ],
      "per_class_recall": [
        0.6097560975609756,
        0.8333333333333334,
        0.6470588235294118,
        0.8985507246376812,
        0.13793103448275862,
        0.0975609756097561
      ],
      "per_class_f1": [
        0.5882352941176471,
        0.6422018348623852,
        0.6769230769230768,
        0.6326530612244898,
        0.23880597014925373,
        0.16666666666666669
      ]
    },
    {
      "model_name": "Yi-6B-Chat",
      "params": "6B",
      "accuracy": 0.2832764505119454,
      "precision": 0.7253138712823013,
      "recall": 0.2832764505119454,
      "f1_score": 0.23508411337859544,
      "macro_precision": 0.7060763888888889,
      "macro_recall": 0.3070376672758976,
      "macro_f1": 0.23706921641618728,
      "balanced_accuracy": 0.3071299522519035,
      "worst_class_recall": 0.023809523809523808,
      "robust_score": 0.21552358884993875,
      "unknown_count": 1,
      "unknown_rate": 0.0034129692832764505,
      "elapsed_time": 65.23426389694214,
      "samples_evaluated": 293,
      "avg_time_per_sample": 0.22264253889741345,
      "classification_report": "              precision    recall  f1-score   support\n\n     ROUTING       0.27      0.46      0.34        41\n    SECURITY       1.00      0.02      0.05        43\n         QOS       1.00      0.17      0.29        35\nCONNECTIVITY       0.76      0.22      0.34        72\n  MONITORING       1.00      0.03      0.06        60\n     GENERAL       0.20      0.93      0.33        42\n\n   micro avg       0.28      0.28      0.28       293\n   macro avg       0.71      0.31      0.24       293\nweighted avg       0.73      0.28      0.24       293\n",
      "confusion_matrix": [
        [
          19,
          0,
          0,
          2,
          0,
          20
        ],
        [
          17,
          1,
          0,
          1,
          0,
          23
        ],
        [
          8,
          0,
          6,
          1,
          0,
          20
        ],
        [
          13,
          0,
          0,
          16,
          0,
          43
        ],
        [
          10,
          0,
          0,
          1,
          2,
          47
        ],
        [
          3,
          0,
          0,
          0,
          0,
          39
        ]
      ],
      "confusion_matrix_normalized": [
        [
          0.4634146341463415,
          0.0,
          0.0,
          0.04878048780487805,
          0.0,
          0.4878048780487805
        ],
        [
          0.40476190476190477,
          0.023809523809523808,
          0.0,
          0.023809523809523808,
          0.0,
          0.5476190476190477
        ],
        [
          0.22857142857142856,
          0.0,
          0.17142857142857143,
          0.02857142857142857,
          0.0,
          0.5714285714285714
        ],
        [
          0.18055555555555555,
          0.0,
          0.0,
          0.2222222222222222,
          0.0,
          0.5972222222222222
        ],
        [
          0.16666666666666666,
          0.0,
          0.0,
          0.016666666666666666,
          0.03333333333333333,
          0.7833333333333333
        ],
        [
          0.07142857142857142,
          0.0,
          0.0,
          0.0,
          0.0,
          0.9285714285714286
        ]
      ],
      "per_class_precision": [
        0.2714285714285714,
        1.0,
        1.0,
        0.7619047619047619,
        1.0,
        0.203125
      ],
      "per_class_recall": [
        0.4634146341463415,
        0.023809523809523808,
        0.17142857142857143,
        0.2222222222222222,
        0.03333333333333333,
        0.9285714285714286
      ],
      "per_class_f1": [
        0.34234234234234234,
        0.046511627906976744,
        0.2926829268292683,
        0.34408602150537637,
        0.06451612903225806,
        0.3333333333333333
      ]
    },
    {
      "model_name": "Mistral-7B-Instruct",
      "params": "7B",
      "accuracy": 0.5870307167235495,
      "precision": 0.625365360732978,
      "recall": 0.5870307167235495,
      "f1_score": 0.5544415475317964,
      "macro_precision": 0.6204782264104298,
      "macro_recall": 0.5723744174041963,
      "macro_f1": 0.545939531296488,
      "balanced_accuracy": 0.5723744174041963,
      "worst_class_recall": 0.07142857142857142,
      "robust_score": 0.45896780515521723,
      "unknown_count": 0,
      "unknown_rate": 0.0,
      "elapsed_time": 62.20385122299194,
      "samples_evaluated": 293,
      "avg_time_per_sample": 0.21229983352556978,
      "classification_report": "              precision    recall  f1-score   support\n\n     ROUTING       0.47      0.68      0.55        41\n    SECURITY       0.73      0.63      0.68        43\n         QOS       0.64      0.77      0.70        35\nCONNECTIVITY       0.52      0.85      0.64        72\n  MONITORING       0.87      0.43      0.58        60\n     GENERAL       0.50      0.07      0.12        42\n\n    accuracy                           0.59       293\n   macro avg       0.62      0.57      0.55       293\nweighted avg       0.63      0.59      0.55       293\n",
      "confusion_matrix": [
        [
          28,
          1,
          0,
          10,
          2,
          0
        ],
        [
          6,
          27,
          3,
          6,
          0,
          1
        ],
        [
          3,
          2,
          27,
          2,
          1,
          0
        ],
        [
          9,
          1,
          1,
          61,
          0,
          0
        ],
        [
          11,
          2,
          7,
          12,
          26,
          2
        ],
        [
          3,
          4,
          4,
          27,
          1,
          3
        ]
      ],
      "confusion_matrix_normalized": [
        [
          0.6829268292682927,
          0.024390243902439025,
          0.0,
          0.24390243902439024,
          0.04878048780487805,
          0.0
        ],
        [
          0.13953488372093023,
          0.627906976744186,
          0.06976744186046512,
          0.13953488372093023,
          0.0,
          0.023255813953488372
        ],
        [
          0.08571428571428572,
          0.05714285714285714,
          0.7714285714285715,
          0.05714285714285714,
          0.02857142857142857,
          0.0
        ],
        [
          0.125,
          0.013888888888888888,
          0.013888888888888888,
          0.8472222222222222,
          0.0,
          0.0
        ],
        [
          0.18333333333333332,
          0.03333333333333333,
          0.11666666666666667,
          0.2,
          0.43333333333333335,
          0.03333333333333333
        ],
        [
          0.07142857142857142,
          0.09523809523809523,
          0.09523809523809523,
          0.6428571428571429,
          0.023809523809523808,
          0.07142857142857142
        ]
      ],
      "per_class_precision": [
        0.4666666666666667,
        0.7297297297297297,
        0.6428571428571429,
        0.5169491525423728,
        0.8666666666666667,
        0.5
      ],
      "per_class_recall": [
        0.6829268292682927,
        0.627906976744186,
        0.7714285714285715,
        0.8472222222222222,
        0.43333333333333335,
        0.07142857142857142
      ],
      "per_class_f1": [
        0.5544554455445545,
        0.675,
        0.7012987012987013,
        0.6421052631578946,
        0.5777777777777778,
        0.125
      ]
    }
  ]
}