{
  "timestamp": "20260320_154749",
  "total_samples": 250,
  "samples_per_category": 37,
  "categories": [
    "ROUTING",
    "SECURITY",
    "QOS",
    "CONNECTIVITY",
    "MONITORING"
  ],
  "models_evaluated": [
    "Qwen2-7B-Instruct",
    "Llama-3.1-8B",
    "Gemma-7B-Instruct",
    "Yi-6B-Chat",
    "Mistral-7B-Instruct"
  ],
  "results": [
    {
      "model_name": "Qwen2-7B-Instruct",
      "params": "7B",
      "accuracy": 0.648,
      "precision": 0.683471621654157,
      "recall": 0.648,
      "f1_score": 0.6323861014988817,
      "macro_precision": 0.6672715749335468,
      "macro_recall": 0.6512963612963614,
      "macro_f1": 0.6241400131473291,
      "balanced_accuracy": 0.6512963612963614,
      "worst_class_recall": 0.38181818181818183,
      "robust_score": 0.5838225513262094,
      "unknown_count": 0,
      "unknown_rate": 0.0,
      "elapsed_time": 32.95107388496399,
      "samples_evaluated": 250,
      "avg_time_per_sample": 0.13180429553985595,
      "classification_report": "              precision    recall  f1-score   support\n\n     ROUTING       0.68      0.40      0.51        42\n    SECURITY       0.56      0.91      0.70        44\n         QOS       0.56      0.81      0.66        37\nCONNECTIVITY       0.73      0.75      0.74        72\n  MONITORING       0.81      0.38      0.52        55\n\n    accuracy                           0.65       250\n   macro avg       0.67      0.65      0.62       250\nweighted avg       0.68      0.65      0.63       250\n",
      "confusion_matrix": [
        [
          17,
          10,
          2,
          12,
          1
        ],
        [
          1,
          40,
          2,
          0,
          1
        ],
        [
          1,
          3,
          30,
          1,
          2
        ],
        [
          5,
          9,
          3,
          54,
          1
        ],
        [
          1,
          9,
          17,
          7,
          21
        ]
      ],
      "confusion_matrix_normalized": [
        [
          0.40476190476190477,
          0.23809523809523808,
          0.047619047619047616,
          0.2857142857142857,
          0.023809523809523808
        ],
        [
          0.022727272727272728,
          0.9090909090909091,
          0.045454545454545456,
          0.0,
          0.022727272727272728
        ],
        [
          0.02702702702702703,
          0.08108108108108109,
          0.8108108108108109,
          0.02702702702702703,
          0.05405405405405406
        ],
        [
          0.06944444444444445,
          0.125,
          0.041666666666666664,
          0.75,
          0.013888888888888888
        ],
        [
          0.01818181818181818,
          0.16363636363636364,
          0.3090909090909091,
          0.12727272727272726,
          0.38181818181818183
        ]
      ],
      "per_class_precision": [
        0.68,
        0.5633802816901409,
        0.5555555555555556,
        0.7297297297297297,
        0.8076923076923077
      ],
      "per_class_recall": [
        0.40476190476190477,
        0.9090909090909091,
        0.8108108108108109,
        0.75,
        0.38181818181818183
      ],
      "per_class_f1": [
        0.5074626865671642,
        0.6956521739130435,
        0.6593406593406594,
        0.7397260273972601,
        0.5185185185185185
      ]
    },
    {
      "model_name": "Llama-3.1-8B",
      "params": "8B",
      "accuracy": 0.644,
      "precision": 0.7159662874122017,
      "recall": 0.644,
      "f1_score": 0.631527917187691,
      "macro_precision": 0.6997580504369912,
      "macro_recall": 0.6452718302718303,
      "macro_f1": 0.6243403395712983,
      "balanced_accuracy": 0.6452718302718303,
      "worst_class_recall": 0.2909090909090909,
      "robust_score": 0.5639335370490165,
      "unknown_count": 0,
      "unknown_rate": 0.0,
      "elapsed_time": 80.07893180847168,
      "samples_evaluated": 250,
      "avg_time_per_sample": 0.32031572723388674,
      "classification_report": "              precision    recall  f1-score   support\n\n     ROUTING       0.48      0.71      0.57        42\n    SECURITY       0.90      0.59      0.71        44\n         QOS       0.53      0.81      0.64        37\nCONNECTIVITY       0.71      0.82      0.76        72\n  MONITORING       0.89      0.29      0.44        55\n\n    accuracy                           0.64       250\n   macro avg       0.70      0.65      0.62       250\nweighted avg       0.72      0.64      0.63       250\n",
      "confusion_matrix": [
        [
          30,
          2,
          2,
          8,
          0
        ],
        [
          9,
          26,
          6,
          2,
          1
        ],
        [
          4,
          0,
          30,
          2,
          1
        ],
        [
          12,
          0,
          1,
          59,
          0
        ],
        [
          8,
          1,
          18,
          12,
          16
        ]
      ],
      "confusion_matrix_normalized": [
        [
          0.7142857142857143,
          0.047619047619047616,
          0.047619047619047616,
          0.19047619047619047,
          0.0
        ],
        [
          0.20454545454545456,
          0.5909090909090909,
          0.13636363636363635,
          0.045454545454545456,
          0.022727272727272728
        ],
        [
          0.10810810810810811,
          0.0,
          0.8108108108108109,
          0.05405405405405406,
          0.02702702702702703
        ],
        [
          0.16666666666666666,
          0.0,
          0.013888888888888888,
          0.8194444444444444,
          0.0
        ],
        [
          0.14545454545454545,
          0.01818181818181818,
          0.32727272727272727,
          0.21818181818181817,
          0.2909090909090909
        ]
      ],
      "per_class_precision": [
        0.47619047619047616,
        0.896551724137931,
        0.5263157894736842,
        0.7108433734939759,
        0.8888888888888888
      ],
      "per_class_recall": [
        0.7142857142857143,
        0.5909090909090909,
        0.8108108108108109,
        0.8194444444444444,
        0.2909090909090909
      ],
      "per_class_f1": [
        0.5714285714285714,
        0.7123287671232877,
        0.6382978723404256,
        0.7612903225806451,
        0.4383561643835616
      ]
    },
    {
      "model_name": "Gemma-7B-Instruct",
      "params": "7B",
      "accuracy": 0.58,
      "precision": 0.6362944836676458,
      "recall": 0.58,
      "f1_score": 0.5556190080475778,
      "macro_precision": 0.6460569998975044,
      "macro_recall": 0.5692796692796693,
      "macro_f1": 0.5612816371652365,
      "balanced_accuracy": 0.6176651648382869,
      "worst_class_recall": 0.10204081632653061,
      "robust_score": 0.4995399372874643,
      "unknown_count": 19,
      "unknown_rate": 0.076,
      "elapsed_time": 473.5792627334595,
      "samples_evaluated": 250,
      "avg_time_per_sample": 1.8943170509338378,
      "classification_report": "              precision    recall  f1-score   support\n\n     ROUTING       0.60      0.60      0.60        42\n    SECURITY       0.72      0.70      0.71        44\n         QOS       0.71      0.59      0.65        37\nCONNECTIVITY       0.58      0.86      0.69        72\n  MONITORING       0.62      0.09      0.16        55\n\n   micro avg       0.63      0.58      0.60       250\n   macro avg       0.65      0.57      0.56       250\nweighted avg       0.64      0.58      0.56       250\n",
      "confusion_matrix": [
        [
          25,
          3,
          0,
          12,
          1
        ],
        [
          1,
          31,
          2,
          3,
          1
        ],
        [
          1,
          2,
          22,
          6,
          1
        ],
        [
          8,
          1,
          0,
          62,
          0
        ],
        [
          7,
          6,
          7,
          24,
          5
        ]
      ],
      "confusion_matrix_normalized": [
        [
          0.6097560975609756,
          0.07317073170731707,
          0.0,
          0.2926829268292683,
          0.024390243902439025
        ],
        [
          0.02631578947368421,
          0.8157894736842105,
          0.05263157894736842,
          0.07894736842105263,
          0.02631578947368421
        ],
        [
          0.03125,
          0.0625,
          0.6875,
          0.1875,
          0.03125
        ],
        [
          0.11267605633802817,
          0.014084507042253521,
          0.0,
          0.8732394366197183,
          0.0
        ],
        [
          0.14285714285714285,
          0.12244897959183673,
          0.14285714285714285,
          0.4897959183673469,
          0.10204081632653061
        ]
      ],
      "per_class_precision": [
        0.5952380952380952,
        0.7209302325581395,
        0.7096774193548387,
        0.5794392523364486,
        0.625
      ],
      "per_class_recall": [
        0.6097560975609756,
        0.8157894736842105,
        0.6875,
        0.8732394366197183,
        0.10204081632653061
      ],
      "per_class_f1": [
        0.6024096385542169,
        0.765432098765432,
        0.6984126984126984,
        0.696629213483146,
        0.17543859649122806
      ]
    },
    {
      "model_name": "Yi-6B-Chat",
      "params": "6B",
      "accuracy": 0.36,
      "precision": 0.6650303030303031,
      "recall": 0.36,
      "f1_score": 0.33014632272283806,
      "macro_precision": 0.6757575757575757,
      "macro_recall": 0.34984633984633984,
      "macro_f1": 0.30999967984848403,
      "balanced_accuracy": 0.34984633984633984,
      "worst_class_recall": 0.06818181818181818,
      "robust_score": 0.2735901055145076,
      "unknown_count": 0,
      "unknown_rate": 0.0,
      "elapsed_time": 85.59145784378052,
      "samples_evaluated": 250,
      "avg_time_per_sample": 0.34236583137512205,
      "classification_report": "              precision    recall  f1-score   support\n\n     ROUTING       0.21      0.81      0.33        42\n    SECURITY       1.00      0.07      0.13        44\n         QOS       0.90      0.24      0.38        37\nCONNECTIVITY       0.61      0.56      0.58        72\n  MONITORING       0.67      0.07      0.13        55\n\n    accuracy                           0.36       250\n   macro avg       0.68      0.35      0.31       250\nweighted avg       0.67      0.36      0.33       250\n",
      "confusion_matrix": [
        [
          34,
          0,
          0,
          8,
          0
        ],
        [
          34,
          3,
          0,
          5,
          2
        ],
        [
          25,
          0,
          9,
          3,
          0
        ],
        [
          32,
          0,
          0,
          40,
          0
        ],
        [
          40,
          0,
          1,
          10,
          4
        ]
      ],
      "confusion_matrix_normalized": [
        [
          0.8095238095238095,
          0.0,
          0.0,
          0.19047619047619047,
          0.0
        ],
        [
          0.7727272727272727,
          0.06818181818181818,
          0.0,
          0.11363636363636363,
          0.045454545454545456
        ],
        [
          0.6756756756756757,
          0.0,
          0.24324324324324326,
          0.08108108108108109,
          0.0
        ],
        [
          0.4444444444444444,
          0.0,
          0.0,
          0.5555555555555556,
          0.0
        ],
        [
          0.7272727272727273,
          0.0,
          0.01818181818181818,
          0.18181818181818182,
          0.07272727272727272
        ]
      ],
      "per_class_precision": [
        0.20606060606060606,
        1.0,
        0.9,
        0.6060606060606061,
        0.6666666666666666
      ],
      "per_class_recall": [
        0.8095238095238095,
        0.06818181818181818,
        0.24324324324324326,
        0.5555555555555556,
        0.07272727272727272
      ],
      "per_class_f1": [
        0.32850241545893716,
        0.1276595744680851,
        0.3829787234042553,
        0.5797101449275361,
        0.13114754098360654
      ]
    },
    {
      "model_name": "Mistral-7B-Instruct",
      "params": "7B",
      "accuracy": 0.64,
      "precision": 0.6939535937586454,
      "recall": 0.64,
      "f1_score": 0.6216581822094674,
      "macro_precision": 0.7042318652133017,
      "macro_recall": 0.6231609531609531,
      "macro_f1": 0.6184221408946011,
      "balanced_accuracy": 0.6231609531609531,
      "worst_class_recall": 0.3409090909090909,
      "robust_score": 0.5643411745774047,
      "unknown_count": 0,
      "unknown_rate": 0.0,
      "elapsed_time": 49.119354009628296,
      "samples_evaluated": 250,
      "avg_time_per_sample": 0.19647741603851318,
      "classification_report": "              precision    recall  f1-score   support\n\n     ROUTING       0.58      0.74      0.65        42\n    SECURITY       0.94      0.34      0.50        44\n         QOS       0.68      0.73      0.70        37\nCONNECTIVITY       0.58      0.89      0.70        72\n  MONITORING       0.74      0.42      0.53        55\n\n    accuracy                           0.64       250\n   macro avg       0.70      0.62      0.62       250\nweighted avg       0.69      0.64      0.62       250\n",
      "confusion_matrix": [
        [
          31,
          0,
          0,
          9,
          2
        ],
        [
          6,
          15,
          3,
          17,
          3
        ],
        [
          4,
          0,
          27,
          3,
          3
        ],
        [
          7,
          0,
          1,
          64,
          0
        ],
        [
          5,
          1,
          9,
          17,
          23
        ]
      ],
      "confusion_matrix_normalized": [
        [
          0.7380952380952381,
          0.0,
          0.0,
          0.21428571428571427,
          0.047619047619047616
        ],
        [
          0.13636363636363635,
          0.3409090909090909,
          0.06818181818181818,
          0.38636363636363635,
          0.06818181818181818
        ],
        [
          0.10810810810810811,
          0.0,
          0.7297297297297297,
          0.08108108108108109,
          0.08108108108108109
        ],
        [
          0.09722222222222222,
          0.0,
          0.013888888888888888,
          0.8888888888888888,
          0.0
        ],
        [
          0.09090909090909091,
          0.01818181818181818,
          0.16363636363636364,
          0.3090909090909091,
          0.41818181818181815
        ]
      ],
      "per_class_precision": [
        0.5849056603773585,
        0.9375,
        0.675,
        0.5818181818181818,
        0.7419354838709677
      ],
      "per_class_recall": [
        0.7380952380952381,
        0.3409090909090909,
        0.7297297297297297,
        0.8888888888888888,
        0.41818181818181815
      ],
      "per_class_f1": [
        0.6526315789473685,
        0.5,
        0.7012987012987014,
        0.7032967032967034,
        0.5348837209302325
      ]
    }
  ]
}